episod,total_reward
1,-3.18627163529
2,-3.17150563672
3,-3.19585549985
4,-0.689646167987
5,-13.4490017517
6,-7.37851195063
7,-7.48788228535
8,-25.4962686047
9,-14.5773052833
10,-23.6596529131
11,-75.3229115336
12,-41.5434113847
13,-1.64788428581
14,-10.7875153456
15,-2.59175463783
16,-51.8659014934
17,-194.372257564
18,-189.749469124
19,-19.3760114323
20,-1.43120599416
21,-1.69919610769
22,-8.65889202935
23,-2.09598407685
24,-2.42158023178
25,-0.416078447681
26,-6.23823981257
27,-11.8626881098
28,-11.6772925816
29,-15.2989978841
30,-11.4241423984
31,-12.6646683356
32,-13.3737690254
33,-15.9536335589
34,-15.5616969362
35,-15.878126118
36,-10.0204943368
37,-15.2844755557
38,-161.730879212
39,-189.668209018
40,-133.968193696
41,-80.2102754129
42,-80.253159703
43,-189.741157436
44,-7.48365716976
45,-1.61901769718
46,-5.25170622861
47,-6.09783495492
48,-27.6618144226
49,-24.8764008517
50,-11.8725680666
51,-21.6140101921
52,-32.1004358994
53,-11.5217117344
54,-29.6098913628
55,-51.3496245702
56,-66.1456566024
57,-36.1620803438
58,-9.15205904301
59,-8.94483219561
60,-24.3512920535
61,-41.2082021594
62,-12.8360940006
63,-25.0001169537
64,-8.30499421375
65,-7.07926948662
66,-4.37524760457
67,-9.74814668278
68,-13.2657630495
69,-7.42348785758
70,12.6780592664
71,-24.7055389711
72,10.2523168645
73,7.73429815453
74,7.78564175495
75,8.35157626494
76,8.14413653424
77,11.866812504
78,7.89368700031
79,3.29321494058
80,2.08015020886
81,6.4408611749
82,6.38099831938
83,7.45885081686
84,7.83484807276
85,0.112688310479
86,-3.06561510674
87,12.6168280903
88,16.8610129127
89,12.6550689355
90,8.42329374621
91,16.0189225719
92,-10.5071266617
93,-12.9485498455
94,-15.73526214
95,-21.267592535
96,-30.7223919203
97,7.04407243027
98,-191.313537099
99,-28.6433439298
100,-39.6485289832
101,-17.9654233653
102,1.55732400357
103,-192.535960953
104,-174.076499953
105,-41.8738568826
106,-11.3833533481
107,-6.73870265614
108,-46.7261678111
109,-32.8433579134
110,7.25749590217
111,-29.8541531892
112,-71.0796082524
113,-189.846249439
114,-23.1140771777
115,13.7209655263
116,-16.8642897583
117,-39.8799967589
118,-11.7554144958
119,15.9744392862
120,-5.92939750655
121,-13.1406025689
122,-37.5543374636
123,-16.2769268041
124,-35.0005970556
125,-36.6340010037
126,-6.06107948745
127,-11.9308661364
128,15.4046519373
129,7.04781176445
130,4.59032639989
131,-6.8473671084
132,-1.89509983733
133,1.14430949102
134,4.08322523981
135,14.1426372945
136,5.68290658633
137,2.02011659873
138,2.2184156546
139,2.68616370095
140,-0.235069204632
141,2.21766745917
142,2.26951444334
143,0.463670714918
144,-2.05770248205
145,-5.63093627404
146,14.5769655644
147,2.37211524945
148,4.79015721554
149,-3.21410385936
150,0.517529636143
151,-8.15891089507
152,-1.31278250258
153,-12.675633763
154,-9.58187233572
155,1.69700594775
156,-6.23434163373
157,-20.3901436309
158,-27.913442913
159,-17.6127334943
160,-10.7424062199
161,-1.5065024761
162,-6.3314334789
163,-20.6738367158
164,-0.658527673521
165,-23.3854716319
166,-14.5586663226
167,-15.5893607333
168,-16.7541399781
169,-2.08123604038
170,-13.8607873826
171,-17.4477914956
172,-19.0137490278
173,-3.78195466897
174,-10.1224548612
175,2.81507227909
176,-12.0299817467
177,-18.180359476
178,-9.90879356511
179,-16.280778019
180,-1.07564896799
181,-14.4017688814
182,2.52686504218
183,-21.8740367528
184,-19.3629516232
185,-27.9151734461
186,2.9024912724
187,0.661738510886
188,-10.7220961847
189,-9.06472298673
190,-3.59103468065
191,2.1956884998
192,-10.9048126255
193,0.0534855347125
194,-23.157824185
195,-3.44814290511
196,-18.3217510336
197,-6.09228866405
198,-6.54814555456
199,1.52891913153
200,11.7506291532
201,11.8995159031
202,6.79766670414
203,9.64013958349
204,-5.1085252276
205,-2.2397681067
206,-1.80414398618
207,-6.38563514052
208,2.24968958501
209,5.70009436731
210,22.6734243308
211,5.55172767461
212,4.71197293183
213,6.94120251635
214,-3.95567575285
215,1.12524362099
216,12.1802153381
217,7.53655676331
218,-16.0723569081
219,7.87774277251
220,-11.2975631098
221,-21.5694688673
222,-25.1729555841
223,-30.4619765872
224,-23.214643051
225,-0.774167383482
226,-19.7551689525
227,-10.5152338452
228,-45.3875173573
229,14.8593007031
230,12.1355885077
231,-36.2685271774
232,-46.1028112339
233,-22.1347556329
234,-81.0822245462
235,-105.03710856
236,-125.389283905
237,-146.904810509
238,-107.849128088
239,-20.2893672299
240,-72.9535793761
241,-106.741451682
242,-121.282628322
243,-141.497540915
244,-109.535052757
245,-165.942458883
246,-122.272160676
247,-15.9851224465
248,-47.5772066894
249,-101.318221525
250,-107.136015278
251,-85.7943949361
252,-74.8409070861
253,-49.763380495
254,-30.0026094148
255,-19.7530110026
256,-31.6855307122
257,-2.3292317427
258,-23.2701872559
259,-32.4622394379
260,-13.0055112307
261,-18.2671604368
262,-33.5690008409
263,-15.3733505112
264,-22.5678139258
265,-15.317023707
266,-7.50490870908
267,-47.274854075
268,-10.2775218854
269,-9.5954584987
270,-4.73036591866
271,-1.28146789698
272,-7.09113395639
273,-3.80913811133
274,-1.70777192585
275,-24.4503578267
276,-15.7989255397
277,-20.3603721831
278,-19.3871653849
279,-22.1746629605
280,-21.6586632273
281,-22.1005920988
282,-15.2244024698
283,-9.9104363481
284,-9.4147274932
285,-10.260288511
286,-13.434862548
287,-19.7906427036
288,-8.21733086659
289,-9.05892389493
290,-8.96780523162
291,-8.10819132122
292,-6.42974558556
293,-9.68062319299
294,-13.5841535245
295,-13.7654970158
296,-11.3051619924
297,-11.8744318204
298,-14.8015322818
299,-6.75496584261
300,-6.16055177966
301,-3.77730944329
302,-4.7307049544
303,-0.179107499013
304,-2.17372125325
305,-1.64379684224
306,1.31214649283
307,-3.78554971424
308,-2.73434364583
309,0.825627371761
310,-3.50358212896
311,-2.79002229917
312,-0.713272650378
313,-0.680133006562
314,-2.97868917863
315,-34.2802817063
316,-5.65720336083
317,-1.04270821617
318,-7.03365619201
319,-30.7751324862
320,0.330085097512
321,0.034906534176
322,-24.6083028556
323,-20.7530839976
324,-12.1378272009
325,-2.25609579194
326,0.646574558389
327,-9.52381490153
328,-8.79173837528
329,-21.3032736674
330,-43.9922301472
331,-1.7338744667
332,-5.8023724913
333,6.34025263484
334,1.56253749341
335,3.23243946974
336,3.84912304055
337,11.5015731451
338,3.23149586367
339,2.47705069807
340,2.63168253755
341,6.00818805802
342,2.9739633555
343,-1.05806164909
344,-0.104541402994
345,-8.5313488823
346,-1.40793411428
347,-8.80720749979
348,-6.03574280858
349,1.13410402225
350,5.29264853887
351,4.04023819735
352,5.50919192655
353,4.83922146929
354,0.517921948334
355,4.35789602368
356,3.9452675744
357,3.32290161764
358,1.08366657993
359,0.885751615842
360,2.93771523909
361,5.23602183133
362,2.95969117124
363,0.605384328382
364,-2.12407725632
365,0.762511020244
366,1.16635667231
367,2.20090339434
368,-2.11054816509
369,-1.15290965125
370,3.04057945633
371,-23.309451564
372,-15.072993978
373,-14.2384460857
374,-13.7805897202
375,6.54507151567
376,-9.35300236542
377,-7.10489322297
378,-3.9365926635
379,-12.4049149687
380,3.73330809937
381,15.5498539279
382,7.5298156727
383,14.8767290705
384,4.87641372672
385,1.19313031181
386,-2.39721129513
387,1.32932748138
388,5.02286051423
389,10.9383908218
390,3.43568609942
391,5.64935957093
392,6.92445945766
393,-1.26658653965
394,-1.0698924693
395,1.37757631065
396,5.40360261539
397,2.70428134704
398,-1.10954114673
399,1.90278451421
400,-0.663108461814
401,-0.782637721009
402,0.0906074421563
403,-0.554270834266
404,3.91045247002
405,-0.0612303992561
406,0.143222904247
407,4.40974536131
408,1.07521669695
409,0.513759553185
410,-1.07457831202
411,0.723780833917
412,-0.140776749981
413,0.916473528594
414,0.152348513813
415,-0.797409433949
416,-1.44989296065
417,0.505201748531
418,1.01289265553
419,1.07291792719
420,-0.215485005548
421,1.86480202582
422,-0.892203898566
423,0.677363359673
424,-2.74971987856
425,1.42760734882
426,0.21564994021
427,1.18677936704
428,-0.0955371593501
429,1.34009764401
430,0.0962807106838
431,-1.63429134459
432,1.15699775256
433,-1.34308625042
434,-0.153237048011
435,-0.968723800673
436,1.7243925342
437,-1.68660079826
438,-0.265882984331
439,1.03306602585
440,1.576497751
441,0.337573048778
442,0.888463986111
443,-0.276551992
444,-0.21529937731
445,1.16961675573
446,0.258949881698
447,0.695015411477
448,1.15905133062
449,-0.108248814026
450,-0.562391716947
451,0.611385229586
452,1.05323039543
453,1.62375182463
454,0.94202114153
455,0.240102191222
456,-1.33739494491
457,0.57620606917
458,-0.306532091733
459,0.809839848434
460,1.36724278468
461,0.680367433774
462,1.4870537537
463,0.629135140385
464,-2.04735375369
465,1.44715067897
466,-0.0163893682721
467,1.03157808174
468,-0.513550857105
469,1.64769974337
470,-0.576481173979
471,-2.26582198076
472,1.1949825278
473,1.275198507
474,0.764922004618
475,1.04445500432
476,-0.565275616591
477,-0.758834457295
478,0.0191554666408
479,0.473816169476
480,-0.212168607578
481,-0.478953449105
482,-1.685846874
483,1.39857656153
484,0.7556468659
485,1.12646439661
486,0.392162639033
487,0.214045354865
488,-1.23377723567
489,0.324243691328
490,0.467566626308
491,-0.0152911549704
492,-2.177369577
493,0.536588297252
494,-2.35437587502
495,0.940946131803
496,-0.329547457592
497,-0.643472966415
498,0.699294561783
499,-0.104229991069
500,2.76279965058
501,0.324385179451
502,0.368957088336
503,0.594443776814
504,-2.25033596401
505,0.291218076505
506,1.01794904857
507,-0.500342470962
508,0.535147843065
509,1.81165071049
510,-0.434296676618
511,-0.592002774426
512,0.388105232822
513,0.354787432515
514,-1.29785330361
515,-0.985919760819
516,-1.05105706509
517,0.100405061666
518,-1.2663166084
519,1.60139773628
520,-0.16513273775
521,-0.869617550271
522,0.224169985411
523,1.74758440009
524,-0.468565306899
525,0.840982100439
526,0.0271229397342
527,-0.622907416605
528,1.64892363331
529,-1.36041020936
530,1.26276835459
531,1.42932534106
532,0.461548898778
533,1.338274683
534,-1.24212523283
535,0.815754999127
536,1.49067093354
537,0.83706104782
538,-0.869373076148
539,-0.57339040373
540,0.915229814068
541,-0.782987014722
542,0.225638297914
543,0.906496810804
544,1.09617478013
545,0.994009164426
546,-0.0796579569501
547,0.34267696611
548,0.0446114108625
549,-1.7194877633
550,-0.186506045713
551,-0.46633084029
552,1.62231757781
553,-0.889694014743
554,-0.852008548222
555,0.933792028315
556,-2.10153140396
557,-3.3042994349
558,2.03936082937
559,0.765469556949
560,-1.09733469411
561,0.0667232723551
562,-2.61489020922
563,0.183560490422
564,-0.016367309742
565,0.119569368455
566,2.96013471819
567,-44.1754522627
568,-38.1739229444
569,-0.573681414712
570,-0.599181313811
571,-14.2938845294
572,-42.2750265921
573,-0.455337592092
574,-17.7945858238
575,0.841124758364
576,1.13648309074
577,-0.493646675041
578,-0.0489807927974
579,0.410273238568
580,-7.99746703168
581,-1.56617028958
582,-17.9452566391
583,-2.47828556939
584,-13.0579511838
585,-1.25623928576
586,-15.8582324127
587,-1.39824814474
588,-16.7251895774
589,-9.58502146735
590,-24.876925447
591,-0.463216038889
592,-13.1547070976
593,1.41182785677
594,1.00271738929
595,0.0950251278295
596,-0.681076137719
597,-31.6473150204
598,-44.0668698928
599,-41.7050867834
600,-16.2931782267
601,-0.937560183254
602,-40.997819356
603,0.0999744577884
604,-47.1306280517
605,-37.3861311543
606,-39.1514023109
607,0.733576050704
608,0.667625793812
609,-1.41430124771
610,-1.2541878409
611,-24.7469222075
612,-17.4438369839
613,-0.127367985838
614,-21.8989391814
615,-15.2040114429
616,-13.4258482442
617,-1.74190182184
618,0.181272237337
619,1.55873386732
620,0.442929140284
621,-0.890704417097
622,-0.299346960663
623,0.693486486776
624,-0.43144477538
625,-1.16025796913
626,3.65430241382
627,-1.209918524
628,-0.618823773762
629,1.61366926253
630,1.31011793354
631,0.435035093263
632,0.493656935492
633,-0.499936576563
634,0.221032609596
635,3.66131308977
636,-0.339770300404
637,1.35187159825
638,4.1663763687
639,0.673162527028
640,0.610253479251
641,-2.41310442199
642,4.74922379173
643,10.8907998913
644,0.866381127271
645,5.7036542155
646,5.76981105961
647,0.628931918488
648,4.19269906254
649,12.6991918223
650,9.45524618993
651,0.440292694344
652,-2.71916349134
653,0.818439842449
654,-6.01978901408
655,-4.13438252196
656,3.07926053491
657,3.48373165313
658,-1.45901999057
659,-3.27483106709
660,-5.58716454101
661,-11.5752977501
662,2.92369853692
663,-2.87880282096
664,-17.500313791
665,-54.2905722152
666,-1.64230281894
667,-1.20444272009
668,-45.2059580998
669,-12.5491134241
670,-50.7313743895
671,-65.0771440355
672,-197.139438243
673,2.58283459509
674,9.79563114936
675,-160.474620972
676,-181.088734717
677,-190.198480301
678,-101.457164392
679,4.30937615292
680,-199.561560657
681,-147.880508216
682,2.84644430657
683,8.40665719826
684,1.04136723779
685,-0.665345099112
686,-7.58463990557
687,-24.7643229007
688,-7.27281566862
689,-68.3692626886
690,-21.2970501039
691,-39.6981908332
692,-53.6792082294
693,-21.1953893848
694,-17.7444115893
695,-28.4042091909
696,-45.5237689601
697,-17.1586913972
698,-20.4874867762
699,-149.661801087
700,-22.1972436622
701,-86.7832029041
702,-109.866958202
703,-91.3412960958
704,-60.7519162922
705,2.37632920548
706,-145.372196494
707,-7.93399598883
708,-15.0290238085
709,-10.9341751618
710,-17.8412226111
711,-62.0469429338
712,-56.7658502602
713,-22.9981796401
714,-42.7128630427
715,-20.6750001482
716,-80.1959006334
717,-25.5430992641
718,-36.5011056358
719,-105.052390331
720,-35.4554713332
721,-21.9431755106
722,-18.0227394157
723,-1.81160515442
724,-109.047540577
725,-47.1235983739
726,-9.85366738912
727,-12.2459405136
728,-20.998988152
729,-41.7324968656
730,-4.52775904729
731,-16.3673426938
732,-77.4878391639
733,-6.70405694174
734,-44.0316323645
735,-142.855195464
736,-201.385700558
737,-213.240450145
738,-6.36631898802
739,-13.233980181
740,-200.856858445
741,-157.683584345
742,5.77268160956
743,-78.0767868425
744,8.40371162963
745,-164.512113254
746,-23.6764540577
747,-214.156253533
748,-52.3165794062
749,-66.4972525348
750,-22.0086051138
751,-40.0418156417
752,-19.1795276005
753,-21.1022153566
754,-21.6672641502
755,-21.2199870514
756,-37.1409322622
757,-80.416102238
758,-21.4521644619
759,-13.9000639606
760,2.66672418897
761,-6.18251931266
762,17.1831958608
763,17.1181727314
764,-12.1373275381
765,22.7461345025
766,-4.20928854424
767,-12.4135748914
768,-2.0216338715
769,-11.7344352579
770,-2.19502007571
771,-3.50709849253
772,-5.84175936155
773,-3.99560678007
774,-10.5679045948
775,-22.8464515018
776,-19.6963181248
777,-3.47046205884
778,-3.38006458668
779,-21.3973408532
780,2.00455623087
781,-3.63794147943
782,-19.0810462235
783,5.00337224552
784,-18.7234274362
785,-22.3184811395
786,-4.87409794682
787,-8.08022759745
788,-11.1079563971
789,-3.71952355563
790,-8.55372378041
791,-16.3440198587
792,-26.5900987
793,-15.8026079127
794,-8.69016665961
795,-20.47971767
796,-22.105894919
797,-25.863711194
798,-62.5772965532
799,-18.0262860224
800,-19.0598212531
801,-24.7125842266
802,-13.8051816726
803,-6.66799329468
804,-2.9105779289
805,-7.53117037934
806,-31.0608457211
807,-13.8969140189
808,-24.0530643371
809,-21.0248868023
810,-22.9700207555
811,6.07830183728
812,-10.2734255648
813,0.196463866781
814,-14.7950178574
815,-22.8443844894
816,-29.8935489621
817,5.79031061259
818,0.0993799668495
819,-7.1368378783
820,-19.6845510673
821,-21.7462732244
822,2.82934258274
823,-21.1307629255
824,-14.9663867553
825,1.7254732873
826,-21.248762635
827,-18.834584264
828,-14.6439103592
829,-5.32478991594
830,-21.0554090312
831,-10.274925369
832,0.259268598478
833,-20.4422490898
834,-21.281283352
835,-25.8758932054
836,-19.9272315928
837,1.09611803585
838,1.55587658683
839,-18.5919177428
840,-8.27307721924
841,-2.52027895408
842,-15.6579707874
843,2.48759336142
844,1.33748132528
845,-29.0290795971
846,0.223239233916
847,-21.8067314176
848,-19.5210376921
849,-18.6995489124
850,-0.574794771518
851,1.7570032971
852,-19.0314684229
853,3.7785502304
854,-19.7008203093
855,1.52584407144
856,-0.463492947907
857,-0.349442738895
858,-18.4617421945
859,-24.8083390594
860,-29.530238282
861,-14.1751391107
862,-9.66253168811
863,-14.3321124192
864,-12.0562995226
865,4.86239918311
866,-19.1852162606
867,-9.95662660462
868,-27.8483646783
869,-23.3954282857
870,-21.802271807
871,-13.6363429273
872,-20.0922144862
873,-18.8659910363
874,-15.7687989567
875,-20.581798962
876,-25.7693188998
877,2.39265763885
878,-12.0174587829
879,-8.74189983765
880,-9.35723571029
881,-19.2599827464
882,1.23662044287
883,-12.9698829775
884,3.03528154307
885,-21.0638092892
886,-1.07624771884
887,-21.1426296602
888,-22.2477280275
889,-12.2770111025
890,-0.102728107465
891,-4.86452746307
892,-10.9690528357
893,5.62790088677
894,-21.7222621729
895,-19.5263564777
896,-20.9509889454
897,-19.343255597
898,-13.284416473
899,-10.4304020584
900,-55.022186796
901,-20.7005236212
902,-29.3392159165
903,-14.025284583
904,-22.5511511132
905,-15.3932795638
906,-6.25401619627
907,-44.1474647314
908,-21.5102921683
909,-9.85847721769
910,-25.1578541727
911,-30.8459224972
912,-26.4075433517
913,-57.0351754371
914,-20.0988977114
915,-19.0826051946
916,-22.8102158778
917,-10.6347595262
918,-31.7175484367
919,-9.74685280666
920,-21.4269812128
921,-12.9442952702
922,-20.3700778684
923,-13.028027274
924,-10.4411956388
925,-11.7684237034
926,-11.0387211153
927,-13.4703698087
928,-9.89263924542
929,-13.3172318435
930,-24.6099276762
931,-15.9767905631
932,-14.8876931478
933,-24.5762182637
934,-46.3484442977
935,-24.01844216
936,-20.2854488343
937,-21.1260436602
938,-21.1415474117
939,-22.2635131304
940,-18.7582029684
941,-25.5200659223
942,-34.6418308497
943,-7.73832102522
944,-5.9361409207
945,4.31792607787
946,-15.7708481976
947,-5.34704303032
948,-8.49689107082
949,-8.7955184313
950,-6.92952642043
951,-9.17124058438
952,-11.6938396818
953,-2.32810712657
954,-9.61592873113
955,4.98222702161
956,2.44060607655
957,-7.08953381998
958,-3.5393035344
959,-14.8386184388
960,-0.0821255197636
961,-8.37477007461
962,-6.70258582999
963,-10.5730956711
964,-0.626665589334
965,-10.4430894075
966,1.64420031828
967,-8.05552734971
968,-2.70730589186
969,-3.02444518616
970,-13.6445199368
971,-14.1459485176
972,-164.906418943
973,-166.468182252
974,-165.710497832
975,-167.591768879
976,-167.641200489
977,-165.331107112
978,-164.971145927
979,-167.231181692
980,-167.410258078
981,-168.358115247
982,-12.8741460421
983,1.4794948121
984,-6.9511328706
985,-4.19852486521
986,-17.1042343531
987,-9.75785192418
988,-156.048440763
989,-162.881768773
990,-165.338121143
991,-161.950708942
992,-56.9083725778
993,-39.749980615
994,-90.3255784502
995,-97.165112056
996,-18.225671163
997,-17.9657850246
998,-29.9524937587
999,-21.3517853726
1000,-21.2838729496
1001,-24.7659034511
1002,-25.9476357753
1003,-18.736091921
1004,-45.5155801136
1005,-19.6590437882
1006,-10.0508406097
1007,-33.3794996181
1008,-18.2213082553
1009,-16.4978372673
1010,-21.0122449249
1011,-17.2267250896
1012,-38.2513894286
1013,-25.4960301808
1014,-17.0723074908
1015,-17.4413380021
1016,-5.76963115458
1017,-12.425820511
1018,18.2383573346
1019,-2.8530537784
1020,-0.583242655499
1021,8.0337531734
1022,1.38118268225
1023,7.81197604914
1024,6.97265096918
1025,-10.8697132771
1026,-10.9337597355
1027,2.52321248671
1028,5.41426438207
1029,19.4119808289
1030,3.27079856754
1031,-0.384624146388
1032,0.595818369914
1033,-15.9595215449
1034,-19.0024254959
1035,-6.36883233622
1036,-4.54008547072
1037,-2.45314968982
1038,-23.1901852413
1039,-50.2636526103
1040,-13.3361248622
1041,-23.0519453609
1042,-1.03323337958
1043,-8.89540680826
1044,-32.3741884575
1045,-28.809840489
1046,-47.9049736049
1047,-14.0338998012
1048,-37.2910894896
1049,9.76703979593
1050,-25.0733400777
1051,-39.1691249097
1052,-27.422149932
1053,-19.262796744
1054,-19.3585167688
1055,-54.4687640386
1056,-24.415899394
1057,-26.1006181281
1058,-19.0750725063
1059,1.83072599589
1060,-7.76718538866
1061,-4.1699641954
1062,0.831474771164
1063,-16.6457193559
1064,-18.39245498
1065,-3.44376669813
1066,-41.5851142892
1067,-16.2152978027
1068,-17.0868476139
1069,2.5604284192
1070,1.46119608667
1071,6.10648217129
1072,-18.0471902033
1073,-3.44556911238
1074,-2.18502903078
1075,-5.08830318096
1076,0.805165792578
1077,4.0430229461
1078,8.34128472293
1079,6.18673622038
1080,14.7055500635
1081,6.35277770942
1082,-22.9541180688
1083,-5.53755892032
1084,5.23782425867
1085,-43.3611911707
1086,1.02416101337
1087,-2.62698142526
1088,2.68274851963
1089,-11.2728682764
1090,-3.88317716589
1091,11.6918677927
1092,-15.3856572155
1093,-14.7979691342
1094,10.4697099205
1095,8.6178128046
1096,9.91556171568
1097,14.0841736986
1098,-3.00577855985
1099,-26.8782878762
1100,-36.12749021
1101,-25.2061728859
1102,-32.4788709993
1103,-26.5427201946
1104,-31.198219384
1105,-31.411876425
1106,-36.4176412417
1107,-43.6433318462
1108,-22.1985115889
1109,-21.3710344152
1110,-16.4317876988
1111,-31.0136436423
1112,-21.4311325204
1113,-20.84211257
1114,-21.6687809544
1115,-21.1479249486
1116,-19.6539961809
1117,-18.4431887247
1118,-18.0574685206
1119,-19.3015832234
1120,-18.1822952346
1121,-17.9457876141
1122,-18.7631133344
1123,-19.3545444214
1124,-22.5692780071
1125,-21.6392818923
1126,-20.6467872321
1127,-19.6210370834
1128,-18.722930202
1129,-20.9155835352
1130,-21.1044434968
1131,-17.8569637849
1132,-17.8780841245
1133,-20.9592153747
1134,-20.2072229204
1135,-20.9687280964
1136,-19.5510803939
1137,-23.0721710678
1138,-21.0146085183
1139,-21.1386949632
1140,-19.7024095719
1141,-20.3932052468
1142,-19.2920305966
1143,-21.1312384134
1144,-21.4316718934
1145,-21.5649298624
1146,-21.0974802222
1147,-19.3512717224
1148,-20.9922333948
1149,-18.6372899941
1150,-18.9301955429
1151,-22.0356164575
1152,-21.2718483287
1153,-21.292556463
1154,-19.0709417521
1155,-19.2610588142
1156,-18.5900324155
1157,-19.2016440749
1158,-20.9826386383
1159,-18.8525745033
1160,-21.3187741724
1161,-19.0097021851
1162,-19.4859640649
1163,-18.6419043272
1164,-19.5356106795
1165,-18.5241655643
1166,-21.527769765
1167,-19.2782099474
1168,-21.4209988953
1169,-21.6442682831
1170,-19.1592041355
1171,-18.6085450747
1172,-21.320391081
1173,-19.5549391077
1174,-19.571609276
1175,-21.5406919069
1176,-19.7434701123
1177,-20.5916054321
1178,-19.0800501596
1179,-21.5196132868
1180,-19.323395836
1181,-18.8942508825
1182,-19.2975526881
1183,-20.6500456509
1184,-19.0694433235
1185,-18.818728549
1186,-20.0139838851
1187,-21.1219490669
1188,-20.3463251346
1189,-20.9942561279
1190,-20.3377654414
1191,-19.4764628634
1192,-20.7521795464
1193,-18.9411379169
1194,-19.7914278816
1195,-19.6673860018
1196,-19.3190027962
1197,-21.4466873967
1198,-22.0134783644
1199,-20.8316936047
1200,-20.16933388
1201,-21.5455785348
1202,-21.2259264369
1203,-19.6923358149
1204,-20.622038643
1205,-22.2491373099
1206,-19.5501033796
1207,-19.2585009685
1208,-19.245594879
1209,-19.3442410032
1210,-22.3110787546
1211,-22.2891864272
1212,-18.2529348276
1213,-19.1733038298
1214,-19.250203887
1215,-18.3464677575
1216,-19.6903009196
1217,-20.1595702792
1218,-18.4926411659
1219,-19.6183270482
1220,-18.8880767422
1221,-18.1777104069
1222,-21.9223911256
1223,-19.4084127873
1224,-18.4340505496
1225,-21.8539798483
1226,-19.2448956106
1227,-20.1051627455
1228,-18.9476060954
1229,-18.3191088069
1230,-20.6509187945
1231,-19.3267021773
1232,-20.2611160954
1233,-21.2119229573
1234,-19.5297787521
1235,-21.0455134883
1236,-19.8602869827
1237,-19.7450441062
1238,-21.2154120354
1239,-18.6159733409
1240,-19.41917618
1241,-19.1913226396
1242,-21.3448653749
1243,-21.6002859046
1244,-20.6547144969
1245,-21.6089780297
1246,-21.5524283418
1247,-19.8930015533
1248,-20.891645331
1249,-18.5303188069
1250,-18.5645014639
1251,-21.0333962855
1252,-22.1103699949
1253,-18.541496494
1254,-18.769366861
1255,-20.8140158437
1256,-19.2334321654
1257,-21.3016384664
1258,-22.1398020923
1259,-20.3623224681
1260,-21.4696423611
1261,-19.7373437859
1262,-21.8345885638
1263,-18.3228299338
1264,-18.7222679203
1265,-19.2119074049
1266,-20.7818260128
1267,-22.3442948391
1268,-20.3192718818
1269,-22.3467274582
1270,-21.983452696
1271,-20.6467053777
1272,-21.1457352709
1273,-19.1465248599
1274,-21.5667375921
1275,-18.609508765
1276,-19.361677974
1277,-18.6084713372
1278,-21.0795936975
1279,-19.0491080914
1280,-21.9660993621
1281,-18.8661068077
1282,-21.9783360788
1283,-19.2832099481
1284,-19.9434152158
1285,-22.2915529446
1286,-19.2443438702
1287,-22.6319533202
1288,-21.7085938437
1289,-22.0746184224
1290,-21.236532946
1291,-19.2141625382
1292,-20.4309842311
1293,-18.8052096861
1294,-21.1648677394
1295,-19.0858705297
1296,-21.5100075176
1297,-18.6777274648
1298,-20.8654352324
1299,-18.9344504619
1300,-20.0906297814
1301,-19.8538660704
1302,-18.2079006782
1303,-20.9775787796
1304,-18.3269547162
1305,-18.5682077335
1306,-19.6002403943
1307,-19.2756597183
1308,-20.3063452595
1309,-19.0485261673
1310,-18.5887477518
1311,-20.6142585592
1312,-18.7502749418
1313,-21.8015219441
1314,-20.491586415
1315,-22.2937118376
1316,-23.5295420647
1317,-19.2120374768
1318,-19.4471174088
1319,-18.4821109103
1320,-20.4094842398
1321,-22.9353101979
1322,-21.3909056561
1323,-21.7004998432
1324,-19.1890531842
1325,-19.7161856416
1326,-20.2648003876
1327,-20.9849836363
1328,-18.4783405216
1329,-19.0031689241
1330,-19.54806646
1331,-19.0379307988
1332,-21.8127308791
1333,-21.459965703
1334,-19.7827626366
1335,-19.0552294609
1336,-19.0711769651
1337,-20.1950998963
1338,-18.7999504053
1339,-18.3421394455
1340,-20.1756599857
1341,-19.3642232483
1342,-18.288265131
1343,-18.8738716449
1344,-20.6352358852
1345,-18.941072771
1346,-20.4379284727
1347,-20.4898110541
1348,-18.5630706084
1349,-21.1760732952
1350,-18.3974758282
1351,-22.1835897867
1352,-20.8736002166
1353,-19.0888120142
1354,-20.8859974111
1355,-21.2668337093
1356,-21.3039633108
1357,-20.6814815824
1358,-22.1191722416
1359,-19.3395198316
1360,-18.3419117881
1361,-18.8036780867
1362,-18.9956206372
1363,-21.4077696782
1364,-18.7248259346
1365,-18.4298516336
1366,-20.8691487205
1367,-18.4493768174
1368,-19.4340720074
1369,-19.4982433106
1370,-18.987253766
1371,-18.7256060441
1372,-21.7933579679
1373,-22.3196778187
1374,-20.3869447098
1375,-21.3591570163
1376,-18.5611418991
1377,-18.7932626879
1378,-21.049885358
1379,-21.0178118136
1380,-21.6534679936
1381,-18.4146454942
1382,-19.5052321928
1383,-21.2362848983
1384,-21.3508299967
1385,-18.4511840011
1386,-21.0724617096
1387,-20.6392169711
1388,-18.6284898155
1389,-18.3052613975
1390,-21.9594225437
1391,-20.7554921742
1392,-22.2006181966
1393,-21.2303574672
1394,-20.7103525696
1395,-18.6438127846
1396,-18.9188430809
1397,-21.0373732292
1398,-19.2152985671
1399,-19.0024541144
1400,-18.6568826107
1401,-19.1601458944
1402,-18.9683085673
1403,-19.2843798286
1404,-19.0575514836
1405,-21.1369160409
1406,-20.3050989422
1407,-20.1371394851
1408,-22.3369247762
1409,-19.8328396076
1410,-21.4638596479
1411,-22.2795102871
1412,-19.6783980112
1413,-18.8492233696
1414,-20.3895088422
1415,-20.0021738149
1416,-21.8017437975
1417,-21.2976042141
1418,-19.5004668898
1419,-19.3216460299
1420,-21.7427513652
1421,-21.2032064347
1422,-20.9474634349
1423,-19.0733040018
1424,-20.8128911761
1425,-21.7935039751
1426,-18.7126969322
1427,-19.3091305851
1428,-19.1415706342
1429,-21.9714684115
1430,-21.4622170774
1431,-18.319743294
1432,-18.7709130537
1433,-19.9664500086
1434,-21.9331505763
1435,-18.4061542573
1436,-18.4612127115
1437,-18.2022151356
1438,-20.8503675161
1439,-20.5439731262
1440,-20.9751495291
1441,-18.2655780136
1442,-19.3861763774
1443,-20.9435814673
1444,-21.2027550194
1445,-19.2803474885
1446,-19.3770778391
1447,-19.7686656548
1448,-20.7880702717
1449,-20.7094232023
1450,-20.0419620552
1451,-18.4868224909
1452,-19.2404600551
1453,-21.0807864687
1454,-19.2895721739
1455,-21.9642595467
1456,-18.7695935007
1457,-20.9607529468
1458,-20.7751132183
1459,-20.9486580975
1460,-18.7642837258
1461,-20.2594120205
1462,-21.2811352162
1463,-18.6761542412
1464,-21.5201478813
1465,-19.3550445198
1466,-18.7226626451
1467,-19.1641315048
1468,-18.7922961215
1469,-20.4174427193
1470,-18.3315388355
1471,-19.2509735567
1472,-19.7541227295
1473,-19.9372207284
1474,-19.1030422349
1475,-19.8397275561
1476,-22.5264045106
1477,-19.9197702797
1478,-19.3384443356
1479,-18.8485515731
1480,-20.6022845939
1481,-20.5517722399
1482,-18.6882111814
1483,-18.8548168457
1484,-21.1462277519
1485,-21.0155415306
1486,-18.500530349
1487,-19.4735913004
1488,-21.1045739858
1489,-18.9076423995
1490,-22.9601893653
1491,-22.5313337597
1492,-18.1515307441
1493,-19.623789908
1494,-19.4297856707
1495,-20.0078932819
1496,-19.1482289428
1497,-18.5909132666
1498,-18.0332595809
1499,-19.6516261565
1500,-21.3480645134
1501,-20.9643447088
1502,-18.6432956204
1503,-19.0905738454
1504,-19.7425647224
1505,-19.277095836
1506,-18.7527138117
1507,-20.703930736
1508,-21.7602060494
1509,-21.8099167427
1510,-21.5334596818
1511,-18.6886768589
1512,-18.9404588946
1513,-18.9356278686
1514,-22.2509744933
1515,-19.7459585284
1516,-18.4095928458
1517,-19.3697662175
1518,-20.9917500425
1519,-18.6813882841
1520,-19.1404756621
1521,-20.5937536152
1522,-21.0729100493
1523,-21.1502642361
1524,-19.4093159426
1525,-23.2632358707
1526,-21.7442885451
1527,-19.1818048988
1528,-20.0555724025
1529,-18.5217036221
1530,-20.0656331515
1531,-18.6645503446
1532,-22.4745880264
1533,-19.215119163
1534,-18.7521156155
1535,-20.8139377309
1536,-18.4711493667
1537,-18.66966872
1538,-20.5428108726
1539,-18.4912979732
1540,-21.4864494368
1541,-20.8186420357
1542,-21.249104962
1543,-19.7468140001
1544,-18.8376699196
1545,-22.550289355
1546,-21.1118812982
1547,-19.3073616579
1548,-19.4644808075
1549,-18.6857198357
1550,-19.0282798434
1551,-21.4089011462
1552,-19.7617824373
1553,-20.0487207761
1554,-20.3004708291
1555,-21.7909951258
1556,-19.0733767374
1557,-22.0963047278
1558,-18.6236622197
1559,-21.1171207177
1560,-20.501605601
1561,-19.2738180185
1562,-20.019821204
1563,-21.7157775714
1564,-21.0862203062
1565,-18.5680534962
1566,-20.6173447138
1567,-21.2457007165
1568,-19.2799611146
1569,-18.7954947482
1570,-21.9487283029
1571,-19.1396504841
1572,-18.4642031709
1573,-21.9151603472
1574,-21.2578130038
1575,-21.8163975615
1576,-21.6566710267
1577,-18.4820777175
1578,-18.7220215209
1579,-20.6013147401
1580,-22.2228774155
1581,-18.2934247179
1582,-21.5898686927
1583,-20.8895486801
1584,-18.7663419215
1585,-20.0301115941
1586,-21.3143963242
1587,-22.5995773975
1588,-19.2323938579
1589,-20.3837481435
1590,-21.5837635306
1591,-21.0983127915
1592,-21.5658152259
1593,-20.9045146276
1594,-21.9070388649
1595,-19.7135970673
1596,-18.8026205986
1597,-18.9413416325
1598,-18.7736562924
1599,-20.049253236
1600,-19.1802719415
1601,-18.9216426241
1602,-21.6424986661
1603,-20.4919338279
1604,-19.069319921
1605,-21.1212826438
1606,-21.0662665413
1607,-19.3837692145
1608,-19.2026893911
1609,-18.9763347188
1610,-21.9907819006
1611,-18.3876293898
1612,-18.2076245075
1613,-20.977508909
1614,-22.1300726236
1615,-21.0873535267
1616,-20.92251597
1617,-18.7119931891
1618,-18.2173539116
1619,-18.9780214935
1620,-20.8473676861
1621,-18.6425981552
1622,-20.71345714
1623,-19.4305780219
1624,-18.998103592
1625,-20.7830816875
1626,-20.16610242
1627,-19.406059378
1628,-18.421654518
1629,-21.2620890676
1630,-21.1329985454
1631,-22.298212495
1632,-19.0626179976
1633,-18.8438075907
1634,-18.605270439
1635,-21.0138376811
1636,-18.9910095732
1637,-20.4302287797
1638,-18.5404255691
1639,-20.5112970672
1640,-21.6878407545
1641,-20.782239937
1642,-19.6734625267
1643,-21.6986425311
1644,-19.1547969117
1645,-18.8876122333
1646,-19.828841748
1647,-18.8012303678
1648,-19.0951257604
1649,-18.8023909217
1650,-18.6720612402
1651,-22.334530154
1652,-19.835006119
1653,-21.1273031986
1654,-21.112015113
1655,-19.0381911885
1656,-19.6146449848
1657,-19.9743792151
1658,-18.474270618
1659,-18.777588235
1660,-21.6132015893
1661,-18.7974716784
1662,-19.3683899184
1663,-18.979935273
1664,-19.9391091414
1665,-20.1849908513
1666,-19.2496298803
1667,-22.0571716791
1668,-22.0161710066
1669,-22.2253686899
1670,-20.652770244
1671,-19.9106107938
1672,-19.1099472003
1673,-21.1485088636
1674,-20.3463205469
1675,-20.9747433158
1676,-20.9516584806
1677,-21.0432434595
1678,-21.2791945771
1679,-19.635669661
1680,-18.4764598014
1681,-19.2318195898
1682,-19.6960891484
1683,-19.6157181012
1684,-21.5134153353
1685,-20.6823227337
1686,-20.6053134626
1687,-18.3918758975
1688,-19.8781824115
1689,-22.1389497389
1690,-21.1879928762
1691,-21.230582971
1692,-18.5442709023
1693,-21.1357979954
1694,-21.8941616086
1695,-18.5953931287
1696,-19.8367242506
1697,-18.5846442094
1698,-18.923306233
1699,-21.0874273423
1700,-18.5756092103
1701,-20.6318167854
1702,-19.4469690459
1703,-18.6058233598
1704,-21.8939512079
1705,-20.8487938693
1706,-18.0964774184
1707,-19.5465900757
1708,-19.4870567643
1709,-21.904317878
1710,-21.136687188
1711,-20.8988574232
1712,-18.7328606859
1713,-21.0838443097
1714,-20.3282269593
1715,-20.9231240825
1716,-18.7304492954
1717,-18.5558992616
1718,-19.2487463456
1719,-20.6674778693
1720,-19.736316515
1721,-18.8280645561
1722,-18.597281995
1723,-20.9368779547
1724,-18.676654076
1725,-18.9199877324
1726,-19.8204947453
1727,-22.3018478511
1728,-18.2143870451
1729,-19.827938814
1730,-20.7694080562
1731,-18.3969854927
1732,-19.638320573
1733,-21.0575004857
1734,-21.6173968829
1735,-21.5928384391
1736,-20.1454712826
1737,-18.9481680021
1738,-20.6607446344
1739,-18.4810207774
1740,-21.2749937197
1741,-21.9554205301
1742,-21.0713856298
1743,-20.2479738863
1744,-18.7935540648
1745,-19.1727600869
1746,-18.2361175871
1747,-21.3472502675
1748,-20.4615466007
1749,-22.9766778917
1750,-19.5977081298
1751,-19.2756488215
1752,-20.9943377318
1753,-18.5324079263
1754,-21.3080714995
1755,-20.8380894341
1756,-21.7716120694
1757,-19.7445330992
1758,-20.1342341382
1759,-18.9408807889
1760,-19.2186219399
1761,-22.2758396276
1762,-18.9373778198
1763,-18.2119906321
1764,-19.1613603698
1765,-21.1027158447
1766,-21.6399516002
1767,-18.5199883002
1768,-18.7365815609
1769,-20.3290602733
1770,-18.4746028336
1771,-21.9436394371
1772,-20.7457469009
1773,-19.2217536075
1774,-19.3157083792
1775,-21.0682295013
1776,-19.0294635825
1777,-18.5426567146
1778,-20.9290870436
1779,-21.1127861862
1780,-21.2095307474
1781,-22.3568261501
1782,-19.3759339777
1783,-19.4554883877
1784,-21.9104376261
1785,-18.9089620911
1786,-19.464688867
1787,-19.6068921926
1788,-21.1785870602
1789,-18.3918016306
1790,-20.5159209178
1791,-18.8347784476
1792,-21.1963871659
1793,-19.3748882319
1794,-20.9628610528
1795,-19.3033689299
1796,-20.9268881666
1797,-21.1548897266
1798,-21.4198084529
1799,-19.0100987705
1800,-19.088699411
1801,-19.6197753941
1802,-19.0542552074
1803,-20.5796416408
1804,-20.2037839908
1805,-20.8702590375
1806,-21.576992222
1807,-19.7912118959
1808,-20.1890267504
1809,-18.2665227885
1810,-21.0547409317
1811,-19.2555481858
1812,-18.6771932009
1813,-19.3442567442
1814,-18.7169281311
1815,-20.8856902491
1816,-21.6348055285
1817,-21.2335192988
1818,-19.123511579
1819,-21.9488437364
1820,-21.7460560617
1821,-20.6252785806
1822,-19.4661570574
1823,-20.4918313513
1824,-21.2806862182
1825,-20.2397100689
1826,-20.6521080981
1827,-21.2262636523
1828,-19.1969180944
1829,-21.0103429744
1830,-20.1073428121
1831,-19.3747771016
1832,-18.5182724585
1833,-21.0264936494
1834,-19.2841056555
1835,-18.4801245306
1836,-21.8831026996
1837,-18.8252081939
1838,-20.6219264881
1839,-21.1128779594
1840,-18.6356943754
1841,-19.4013427244
1842,-23.0260888658
1843,-21.2117195747
1844,-21.3151673696
1845,-19.7930379637
1846,-20.6459979584
1847,-22.542564557
1848,-19.5046908433
1849,-18.6136100126
1850,-21.749227226
1851,-20.8804874251
1852,-18.9926069578
1853,-21.0763219103
1854,-22.3805264667
1855,-22.206131505
1856,-19.1062422049
1857,-21.2708771749
1858,-19.2098268408
1859,-19.8458213788
1860,-21.0608358477
1861,-20.5881060642
1862,-18.9713927895
1863,-18.5217466099
1864,-19.963546736
1865,-21.7798740953
1866,-21.5641553353
1867,-18.5274097897
1868,-19.3600551498
1869,-20.7013286717
1870,-18.4738040911
1871,-19.7522451065
1872,-19.5955131872
1873,-20.6406063992
1874,-18.9256678088
1875,-21.6023361848
1876,-20.993850875
1877,-19.9627016672
1878,-22.3132224081
1879,-18.8686291966
1880,-22.5199359615
1881,-18.4500245691
1882,-21.5587638292
1883,-20.944192427
1884,-22.390097003
1885,-21.0579254095
1886,-20.6910858793
1887,-19.0584573098
1888,-19.8119210161
1889,-19.5911150885
1890,-21.7827124362
1891,-20.0418692409
1892,-20.3758616562
1893,-18.1057956454
1894,-18.7427557686
1895,-18.8494205389
1896,-22.1593548614
1897,-22.4898290054
1898,-21.1893287225
1899,-21.0512696152
1900,-21.8483296349
1901,-19.5275825359
1902,-18.7052485896
1903,-19.9475223035
1904,-20.9082830235
1905,-19.1178789768
1906,-19.3028607942
1907,-19.4422210547
1908,-18.3124228288
1909,-18.9395178681
1910,-18.7759044972
1911,-19.573082152
1912,-19.1574541767
1913,-19.6951805857
1914,-18.4331211421
1915,-20.01142081
1916,-21.872947432
1917,-20.7884079396
1918,-20.6624732943
1919,-18.866428732
1920,-21.0864100495
1921,-21.3350705426
1922,-21.3488870783
1923,-20.5965961994
1924,-19.6551163121
1925,-18.3500191705
1926,-19.4351725679
1927,-18.3583924306
1928,-19.1136906965
1929,-21.1997553883
1930,-18.6278258382
1931,-18.9085579269
1932,-19.2811563003
1933,-20.9562383889
1934,-19.7726230762
1935,-20.5487828867
1936,-18.2116843447
1937,-20.972019483
1938,-21.047228523
1939,-21.71423469
1940,-20.1342239096
1941,-22.1431203622
1942,-19.0112116356
1943,-18.3442749319
1944,-19.1047689461
1945,-20.9223259507
1946,-18.6865149672
1947,-18.6666152743
1948,-21.4304821352
1949,-22.3078619127
1950,-19.6032385117
1951,-18.6466031596
1952,-19.2695293111
1953,-19.6801641227
1954,-18.8458117659
1955,-19.3514152877
1956,-21.7368799316
1957,-18.7750084612
1958,-20.7878267144
1959,-18.5732154569
1960,-20.0511920323
1961,-19.6589731056
1962,-20.5301718389
1963,-19.0060371779
1964,-21.2726412137
1965,-18.9492747
1966,-20.6039255312
1967,-18.8726843246
1968,-20.9352138816
1969,-21.1724693354
1970,-19.3107916061
1971,-20.7960536114
1972,-18.838518481
1973,-18.3511782488
1974,-20.6065478363
1975,-19.761378508
1976,-22.0779753367
1977,-19.2187542795
1978,-19.9264620864
1979,-21.2037504819
1980,-20.8868753679
1981,-20.4982485803
1982,-19.719359574
1983,-18.7948758322
1984,-18.7020482415
1985,-19.8753642425
1986,-18.3678298365
1987,-19.1562747532
1988,-19.0590102582
1989,-18.4968588386
1990,-20.8357549422
1991,-21.1198735383
1992,-19.1910936627
1993,-21.3240359746
1994,-19.7205689048
1995,-21.2730434077
1996,-21.4280650656
1997,-18.7785868865
1998,-21.9084963493
1999,-23.064501256
2000,-21.7279667506
